1003051780
1003096777
1003187766
1003808338
1003809765
1003822503
1003871724
1003872961
1003879826
1003902180
1003903089
1003903519
1003944422
1003964743
1003972605
1003992264
1003996935
1003998030
1003999806
1013029487
1013043934
1013058122
1013062538
1013066018
1013074632
1013089762
1013094127
1013116557
1013155175
1013212265
1013908227
1013917046
1013920966
1013935089
1023012374
1023016292
1023020252
1023037470
1023042942
1023045861
1023047743
1023059201
1023070430
1023074341
1023149044
1023182227
1023192721
1023204815
1023332988
1033100284
1033125281
1033127519
1033137096
1033139076
1033139894
1033140702
1033148523
1033155213
1033201710
1033226238
1033264122
1033341730
1033357033
1033477591
1043218209
1043233158
1043238041
1043239833
1043278179
1043315104
1043338734
1043348378
1043350143
1043356413
1043384050
1043393663
1043404353
1043409642
1053309369
1053310680
1053314989
1053317818
1053327288
1053335505
1053340422
1053347815
1053371559
1053393033
1053436899
1053468058
1053567768
1053624189
1063413714
1063428225
1063429900
1063451243
1063462307
1063471456
1063479269
1063504298
1063523330
1063562023
1063590610
1063629475
1063669224
1063740538
1073502696
1073538518
1073540225
1073543948
1073545695
1073547485
1073559910
1073589222
1073604666
1073609780
1073618112
1073661005
1073662953
1073684429
1073690277
1073692075
1073755005
1073849261
1083605455
1083632582
1083643316
1083667539
1083707319
1083804983
1083899181
1093097925
1093701021
1093703357
1093721672
1093726879
1093726895
1093729691
1093733909
1093746703
1093797557
1093823858
1093836710
1093851768
1093876138
1093894032
1104010859
1104026970
1104027358
1104806058
1104839620
1104873520
1104892652
1104908193
1104970623
1104989706
1104991751
1114007366
1114014966
1114055563
1114064342
1114098415
1114242013
1114919412
1114925385
1114928561
1114938875
1114949443
1114984044
1114992294
1124008974
1124018171
1124019526
1124040084
1124042635
1124046743
1124051552
1124053012
1124103353
1124110804
1124115639
1124133111
1124157946
1124190970
1124192158
1124201140
1124213541
1124257126
1124257480
1124330808
1134143506
1134153372
1134157746
1134169188
1134193469
1134201494
1134210107
1134213572
1134232887
1134235450
1134259708
1134264831
1134308471
1134318918
1134418171
1144211665
1144224742
1144230053
1144232372
1144243361
1144244096
1144247891
1144249202
1144252396
1144255480
1144257536
1144281106
1144281635
1144302126
1144308263
1144311705
1144316688
1144358706
1144360041
1144362278
1144375668
1144381583
1144391897
1144395435
1144413501
1144417007
1144461237
1144481755
1144576489
1144583238
1144594201
1154331999
1154347235
1154349769
1154359982
1154373165
1154379584
1154382497
1154388775
1154388825
1154419034
1154472280
1154568012
1164400263
1164403416
1164439675
1164441663
1164447736
1164455374
1164463386
1164468799
1164488524
1164509097
1164522165
1164602082
1164605713
1164677365
1164697728
1164725719
1164747671
1164772448
1174510747
1174514491
1174525851
1174543540
1174545909
1174596969
1174600365
1174600480
1174614218
1174646012
1174685770
1174733984
1174786123
1174799944
1184607970
1184618993
1184627515
1184634800
1184636425
1184637530
1184638645
1184640872
1184649550
1184659781
1184670226
1184674400
1184678112
1184708968
1184711988
1184713463
1184730301
1184751174
1184760423
1184771370
1184798159
1184834293
1184883415
1194041350
1194052944
1194056465
1194091199
1194705186
1194744722
1194779488
1194782714
1194785212
1194797357
1194838813
1194865485
1194872770
1194877183
1194896746
1194925933
1194937649
1194954396
1194960815
1194994764
1205248036
1205807864
1205835816
1205845542
1205854593
1205903200
1205911062
1205914884
1205928348
1205928991
1205975497
1205996048
1205999034
1215016175
1215017538
1215031208
1215036066
1215131883
1215273362
1215932793
1215955919
1215956776
1215965355
1215975826
1215984513
1215993738
1215994827
1225046261
1225047772
1225056336
1225059520
1225068018
1225081102
1225093545
1225096357
1225116569
1225131899
1225140296
1225140742
1225145543
1225186257
1225278385
1225368087
1235109893
1235130618
1235142761
1235142894
1235143702
1235157843
1235160409
1235179870
1235182544
1235204314
1235211145
1235220658
1235313370
1235342247
1235452871
1245200336
1245221373
1245235738
1245254580
1245265362
1245266055
1245267103
1245303106
1245305168
1245334606
1245341700
1245348994
1245354729
1245366558
1245368109
1245515972
1245676360
1255303277
1255312237
1255312864
1255332094
1255355483
1255360780
1255362919
1255364055
1255366597
1255368726
1255405049
1255439345
1255497897
1255497905
1255499323
1255622643
1265435762
1265443352
1265448740
1265461644
1265477988
1265493506
1265505291
1265508261
1265514236
1265515290
1265528053
1265573620
1265578793
1265586226
1265609481
1265714281
1265753040
1275520819
1275532145
1275540437
1275545543
1275546079
1275577256
1275599052
1275644155
1275665200
1275685505
1275689291
1275692873
1275737561
1275774374
1285601310
1285640524
1285644286
1285652388
1285655902
1285657049
1285663930
1285675355
1285712869
1285723106
1285737692
1285744763
1285749762
1285750943
1285763789
1295703775
1295716363
1295720936
1295726503
1295733459
1295778157
1295778504
1295782225
1295791465
1295792497
1295819969
1295837607
1295874956
1295876860
1295878254
1295901213
1306040548
1306048624
1306101746
1306136262
1306154075
1306813183
1306831599
1306860515
1306915301
1306916895
1306919568
1306921077
1306924972
1306954888
1306955125
1306963475
1306976261
1306991658
1306992698
1316026248
1316027139
1316040801
1316049190
1316055106
1316137987
1316900673
1316904725
1316906704
1316913387
1316913973
1316932346
1316936891
1316938657
1316958440
1316966138
1316987472
1316987548
1316989932
1316996465
1316996556
1326032830
1326033200
1326053059
1326054354
1326072893
1326076282
1326079997
1326112350
1326125980
1326126863
1326130071
1326136557
1326150384
1326176397
1326188228
1326228487
1326301177
1326346594
1336101500
1336112424
1336122662
1336158567
1336175397
1336201755
1336220854
1336227453
1336238310
1336292994
1336336411
1346228707
1346232451
1346235538
1346254463
1346265790
1346274602
1346279932
1346292224
1346310463
1346310638
1346313269
1346337946
1346484169
1356313456
1356336051
1356337877
1356357347
1356364871
1356367791
1356378111
1356389183
1356392781
1356417349
1356421408
1356429997
1356449045
1356451488
1356453815
1356459986
1356494108
1356495261
1356503056
1356529531
1356538904
1356566699
1356572267
1356632590
1366422347
1366426470
1366431348
1366433682
1366461048
1366479941
1366486748
1366490120
1366506206
1366508707
1366513822
1366516247
1366544371
1366552598
1366570103
1366579351
1366582637
1366584658
1366600330
1366608093
1366649824
1366714925
1376513846
1376530006
1376539411
1376541060
1376554030
1376562462
1376575639
1376621904
1376685214
1376690024
1376722017
1376748525
1376809616
1376868984
1376878165
1386601623
1386614394
1386624377
1386635787
1386642551
1386653657
1386674471
1386679421
1386685444
1386686400
1386716652
1386717254
1386718385
1386722262
1386723435
1386732352
1386738060
1386783033
1386979706
1396037610
1396045134
1396064473
1396072922
1396700936
1396712303
1396724266
1396730149
1396743241
1396748893
1396757522
1396776811
1396779450
1396786273
1396792610
1396815056
1396815304
1396833539
1396834354
1396857462
1396859229
1396873741
1396884888
1396939724
1396943817
1407041197
1407056526
1407182694
1407299530
1407802903
1407844285
1407850977
1407855596
1407869142
1407888944
1407890973
1407898802
1407920945
1407932155
1407938731
1407939465
1407941917
1407960446
1407994072
1417012444
1417018839
1417032376
1417042953
1417043993
1417051657
1417054941
1417068073
1417097312
1417118639
1417130147
1417273756
1417282583
1417904855
1417905209
1417918061
1417924531
1417927534
1417932716
1417964925
1417986779
1417991183
1427055706
1427056977
1427092089
1427104835
1427122928
1427130723
1427148295
1427157163
1427182641
1427185412
1427214410
1427264563
1427343599
1437104031
1437105889
1437111275
1437142882
1437146180
1437148707
1437158987
1437161346
1437179744
1437181617
1437184413
1437189966
1437205879
1437216090
1437225059
1437233657
1437237674
1437240850
1437265360
1437319191
1437351657
1437369147
1437426178
1437451861
1437473840
1437489846
1447211784
1447231618
1447238076
1447253380
1447265814
1447272414
1447290994
1447348495
1447357330
1457345613
1457362691
1457375297
1457398406
1457401317
1457415143
1457423105
1457432122
1457489825
1457529174
1457543662
1457599003
1467443234
1467464867
1467485490
1467500108
1467521070
1467532010
1467537126
1467543918
1467544650
1467545368
1467559443
1467563833
1467564799
1467584490
1467640433
1467653006
1477523991
1477555266
1477559722
1477575744
1477583029
1477631083
1477631919
1477642510
1477665503
1477667285
1477715613
1477738623
1477741726
1487605465
1487618492
1487635298
1487644381
1487683819
1487702882
1487713053
1487718235
1487720454
1487742003
1487747770
1487759007
1487759296
1487803623
1487824975
1487900940
1497711485
1497744189
1497747943
1497755466
1497767958
1497773212
1497786040
1497794093
1497813745
1497821128
1497825988
1497828586
1497842900
1497846901
1497847537
1497855159
1497856827
1497859433
1497865604
1497865836
1497883599
1497977102
1508027103
1508087313
1508122979
1508153875
1508195876
1508848292
1508867128
1508870064
1508886888
1508898990
1508954017
1508966490
1518017490
1518030543
1518044593
1518057322
1518059229
1518071711
1518078443
1518092857
1518100221
1518266873
1518291640
1518950351
1518961069
1528017167
1528027471
1528035979
1528045598
1528050606
1528057130
1528073996
1528080868
1528094547
1528117108
1528123247
1528125135
1528132511
1528133170
1528153350
1528196326
1528248770
1538120944
1538127311
1538200852
1538238548
1538259064
1538291562
1538334594
1548220304
1548278633
1548281322
1548326531
1548328214
1548334543
1548334584
1548339104
1548345523
1548348642
1548358435
1548361926
1548362916
1548384381
1548388861
1548415508
1548454283
1548465073
1548533110
1558326603
1558363978
1558371260
1558383844
1558383901
1558416545
1558417451
1558429662
1558429894
1558443531
1558467845
1558471789
1558474718
1558493585
1558664169
1568421030
1568424919
1568443307
1568473361
1568473734
1568486090
1568510204
1568528750
1568536886
1568548964
1568549558
1568575835
1568576445
1568579019
1568584159
1568591527
1568605947
1568615607
1568661056
1568679843
1568766442
1578503462
1578509741
1578521209
1578527354
1578559621
1578582847
1578589784
1578626644
1578632980
1578671764
1578673620
1578727756
1578736328
1578737029
1578754362
1588600753
1588631568
1588651582
1588652606
1588667422
1588683890
1588688972
1588695472
1588734248
1588738314
1588749006
1588761951
1588779185
1588826176
1588996672
1588996979
1598044844
1598174591
1598709313
1598720914
1598737025
1598763138
1598776650
1598797177
1598837791
1598860637
1598868176
1598873325
1598919417
1598965659
1609816107
1609830975
1609832724
1609837947
1609844604
1609845767
1609865740
1609931526
1609941798
1609953124
1609954098
1609965532
1609987999
1609990993
1619022233
1619033057
1619040227
1619059607
1619086246
1619099272
1619169877
1619176120
1619177227
1619246071
1619284676
1619928025
1619928892
1619947488
1619988375
1619988425
1619991510
1619991569
1619997665
1629019708
1629031430
1629034368
1629042437
1629069158
1629119102
1629126032
1629142625
1629143813
1629157938
1629161146
1629167747
1629230495
1629235916
1629300447
1629313572
1629394895
1639123524
1639177355
1639181852
1639187545
1639190085
1639190861
1639191455
1639194616
1639198930
1639199268
1639201668
1639225485
1639268568
1639286388
1639287212
1639330772
1639337074
1639338502
1639515638
1649201716
1649227216
1649296724
1649319492
1649347816
1649354309
1649364837
1649372582
1649376211
1649417742
1649439720
1649478843
1649525437
1649615881
1659366334
1659387892
1659429728
1659446631
1659455251
1659458289
1659462299
1659526630
1659558948
1659559029
1659593556
1659593648
1659658532
1669403853
1669418182
1669441358
1669458097
1669481214
1669501243
1669542692
1669546677
1669556361
1669597167
1679503304
1679506000
1679528335
1679560478
1679599393
1679631634
1679635254
1679653711
1679673131
1679758635
1679762595
1679808109
1689614992
1689615254
1689638744
1689646994
1689734709
1689739450
1689741290
1689747990
1689786675
1689828113
1699702324
1699723379
1699741454
1699755934
1699764373
1699792663
1699794115
1699814350
1699823104
1699853101
1699854349
1699865741
1699892067
1699976159
1700072659
1700086329
1700119823
1700802709
1700807542
1700811601
1700822053
1700835584
1700841707
1700842234
1700874377
1700896370
1700900800
1700913795
1700950847
1700951233
1700964319
1700967361
1700970795
1700993177
1700993524
1700996295
1700996964
1710001649
1710015730
1710018742
1710019187
1710057831
1710067236
1710080098
1710112883
1710146774
1710171038
1710175211
1710191820
1710230362
1710907696
1710917315
1710922919
1710922935
1710952957
1710979190
1710995717
1720009160
1720056567
1720064488
1720070113
1720083694
1720148505
1720160203
1720198203
1720211279
1720216179
1720232606
1720246705
1730108606
1730141573
1730176983
1730192345
1730217910
1730218678
1730245176
1730245416
1730253709
1730289083
1730356882
1730372830
1740206457
1740219815
1740235704
1740237155
1740277995
1740283464
1740286640
1740296276
1740303288
1740336247
1740347350
1740364405
1740372259
1740378744
1740389642
1740392885
1740458629
1750302212
1750303103
1750305470
1750311494
1750313383
1750344636
1750346474
1750430138
1750431250
1750456562
1750477162
1750499497
1750549614
1750618500
1760407936
1760409197
1760413496
1760423560
1760439681
1760473482
1760474894
1760490510
1760497135
1760548945
1760549109
1760558548
1760598379
1760630461
1760631063
1770505018
1770508186
1770531170
1770547721
1770548372
1770571903
1770574097
1770578874
1770603946
1770631608
1770636805
1770637829
1770688442
1770688459
1770700908
1770826869
1770887598
1780021766
1780616177
1780617571
1780692533
1780743740
1780750588
1780779108
1780851899
1780866038
1780888560
1780918615
1790116846
1790700367
1790708915
1790719011
1790761336
1790806131
1790818797
1790853885
1790856524
1790859270
1790862993
1790872760
1790880482
1790886034
1790919017
1790985976
1801033055
1801044961
1801114111
1801816343
1801820394
1801828181
1801850508
1801852686
1801891197
1801891551
1801916044
1801923891
1801936802
1801938485
1801953666
1801960497
1801974332
1801989280
1801989470
1801999255
1811017254
1811038649
1811038912
1811052368
1811067911
1811074008
1811089303
1811160377
1811169063
1811312408
1811952054
1811956469
1811956618
1811960982
1811978604
1811988421
1821002783
1821017807
1821055922
1821073198
1821093394
1821093485
1821160573
1821195116
1821199845
1821215393
1831100965
1831116722
1831121425
1831122951
1831148618
1831159607
1831161645
1831166651
1831190537
1831204486
1831245638
1831248442
1831266873
1831271857
1831274422
1831340181
1831361047
1841223567
1841237153
1841249240
1841255973
1841259173
1841262284
1841297207
1841311479
1841334521
1841346608
1841350832
1841364841
1841386141
1841578127
1841585700
1851372924
1851389183
1851396469
1851402804
1851430896
1851437123
1851444384
1851447965
1851451934
1851470611
1851487003
1851498372
1851550289
1851579197
1851591572
1851610190
1851694525
1861423279
1861433864
1861472649
1861481541
1861571572
1861578510
1861597932
1861686107
1861714263
1871512301
1871532945
1871538587
1871544890
1871557827
1871595710
1871606707
1871607291
1871647347
1871671594
1871683532
1871727008
1871797837
1871815902
1871856369
1881600328
1881602191
1881603306
1881608826
1881610582
1881610848
1881626687
1881653681
1881682458
1881684363
1881685311
1881692002
1881692176
1881705978
1881706935
1881756450
1881761948
1881762714
1881782563
1881809218
1881832210
1881856375
1891705588
1891724399
1891746129
1891746574
1891747929
1891791877
1891794152
1891796793
1891813416
1891822888
1891851150
1891860193
1891861399
1891870119
1891879003
1891889341
1891900544
1891976759
1891980165
1902065238
1902068208
1902122237
1902131683
1902215999
1902819576
1902824550
1902844939
1902851504
1902854961
1902885510
1902890338
1902909583
1902916257
1902938939
1902971088
1912058033
1912081654
1912091919
1912093626
1912098559
1912101528
1912198110
1912256439
1912265463
1912942772
1912957309
1912973520
1912993627
1922001858
1922013382
1922022508
1922025972
1922026723
1922095256
1922101237
1922118744
1922138528
1922156660
1922166305
1922182625
1922184019
1922190719
1922282870
1922397959
1922399021
1932102332
1932105582
1932105723
1932106390
1932107109
1932127040
1932151867
1932151941
1932178613
1932183472
1932240595
1932251154
1932256500
1932272804
1932275674
1932292315
1932315579
1932336815
1932355310
1932361011
1932425105
1932485505
1942208335
1942224811
1942229984
1942234257
1942252788
1942258728
1942274139
1942276738
1942305008
1942315387
1942325113
1942338769
1942353032
1942358577
1942363999
1942374905
1942448261
1942524517
1942536131
1952308900
1952323776
1952328585
1952347288
1952379653
1952390098
1952403560
1952404253
1952479966
1952739864
1962426429
1962437764
1962454652
1962471920
1962501700
1962502872
1962511766
1962516898
1962560250
1962567891
1962581025
1962581454
1962598284
1962607242
1962688812
1972544088
1972565307
1972569499
1972664399
1972682037
1972684348
1972685972
1972691988
1972695690
1972735751
1982616553
1982646154
1982673976
1982674685
1982716627
1982744611
1982769600
1982782355
1982818415
1982833281
1982833620
1982837068
1982864393
1992725139
1992728414
1992743009
1992757363
1992758478
1992783112
1992804462
1992832984
1992872089
1992873723
1992887897
1992894711
1992897508
1992926620
1992930242
1992999569
