Test	Description	Successful Tests	Errors	Mean Time	Mean Time Standard Deviation	TPS	Peak TPS	Mean Response Length	Response Bytes Per Second	Response Errors	Mean time to resolve host	Mean time to establish connection	Mean time to first byte	
Test 10000	Connect to host	13	0	303	117	0.00427	1.00	6810	29.1	0	1.38	8.69	292	
Test 20000	Get login page	13	0	108	3.88	0.00427	1.00	3970	17.0	1	0.00	7.23	106	
Test 30000	Log in user	21	0	1720	2080	0.00690	2.00	6530	45.0	1	0.00	7.48	1720	
Test 30001	Get scorable document	8	0	311	17.3	0.00263	1.00	44900	118	0	0.00	7.13	297	
Test 30002	Annotate Finding	5	0	200	43.7	0.00164	1.00	0.00	0.00	0	0.00	6.60	200	
Test 30003	Get scorable document	3	0	290	9.53	0.000986	1.00	25500	25.1	0	0.00	7.33	281	
Test 30004	Annotate Finding	3	0	2170	124	0.000986	1.00	0.00	0.00	0	0.00	6.67	2170	
Test 30005	Get scorable document	3	0	2290	2780	0.000986	1.00	47200	46.6	0	0.333	7.33	2280	
Test 30006	Annotate Finding	3	0	164	3.74	0.000986	1.00	0.00	0.00	0	0.00	7.33	163	
Test 30007	Get scorable document	3	0	298	22.0	0.000986	1.00	45100	44.5	0	0.00	6.33	285	
Test 30008	Annotate Finding	3	0	2010	16.6	0.000986	1.00	0.00	0.00	0	0.00	7.00	2010	
Test 30009	Get scorable document	2	0	294	19.0	0.000656	1.00	28400	18.6	0	0.00	7.50	286	
Test 30010	Annotate Finding	2	0	161	0.00	0.000656	1.00	0.00	0.00	0	0.500	8.00	160	
Test 30011	Get scorable document	1	0	370	0.00	0.000329	1.00	56600	18.6	0	0.00	7.00	356	
Test 30012	Annotate Finding	1	0	2020	0.00	0.000329	1.00	0.00	0.00	0	0.00	7.00	2020	
Test 30013	Get scorable document	1	0	4530	0.00	0.000329	1.00	26600	8.72	0	0.00	7.00	4520	
Test 30014	Annotate Finding	1	0	171	0.00	0.000329	1.00	0.00	0.00	0	0.00	8.00	170	
Test 30015	Get scorable document	1	0	308	0.00	0.000329	1.00	54000	17.7	0	0.00	7.00	292	
Test 30016	Annotate Finding	1	0	2080	0.00	0.000329	1.00	0.00	0.00	0	0.00	7.00	2080	
Test 30017	Get scorable document	1	0	278	0.00	0.000329	1.00	23600	7.76	0	0.00	8.00	270	
Test 30018	Annotate Finding	1	0	161	0.00	0.000329	1.00	0.00	0.00	0	0.00	9.00	160	
Test 30019	Get scorable document	1	0	319	0.00	0.000329	1.00	52900	17.4	0	0.00	6.00	304	
Test 30020	Annotate Finding	1	0	2020	0.00	0.000329	1.00	0.00	0.00	0	0.00	6.00	2020	
Test 30021	Get scorable document	1	0	335	0.00	0.000329	1.00	49000	16.1	0	0.00	8.00	318	
Test 30022	Annotate Finding	1	0	243	0.00	0.000329	1.00	0.00	0.00	0	0.00	8.00	242	
Test 30023	Get scorable document	1	0	294	0.00	0.000329	1.00	27500	9.05	0	0.00	7.00	287	
Test 30024	Annotate Finding	1	0	2080	0.00	0.000329	1.00	0.00	0.00	0	0.00	6.00	2080	
Test 30025	Get scorable document	1	0	328	0.00	0.000329	1.00	27500	9.02	0	0.00	8.00	320	
Test 30026	Annotate Finding	1	0	158	0.00	0.000329	1.00	0.00	0.00	0	0.00	8.00	158	
Test 30100	Get coding opportunity	5	0	1030	510	0.00164	1.00	16200	26.7	0	0.00	7.40	1030	
Test 30101	Get scorable document	5	0	343	21.5	0.00164	1.00	48400	79.5	0	0.00	7.60	326	
Test 30102	Annotate Finding	5	0	165	4.52	0.00164	1.00	0.00	0.00	0	0.00	7.00	164	
Test 30103	Get scorable document	4	0	346	52.7	0.00131	1.00	45900	60.3	0	0.00	7.25	331	
Test 30104	Annotate Finding	4	0	2130	112	0.00131	1.00	0.00	0.00	0	0.00	7.50	2130	
Test 30105	Get scorable document	4	0	1590	2150	0.00131	1.00	56100	73.7	0	0.00	7.25	1570	
Test 30106	Annotate Finding	4	0	176	10.5	0.00131	1.00	0.00	0.00	0	0.00	7.75	175	
Test 30107	Get scorable document	2	0	376	20.0	0.000656	1.00	93100	61.2	0	0.00	8.00	353	
Test 30108	Annotate Finding	2	0	1950	3.50	0.000656	1.00	0.00	0.00	0	0.00	6.50	1950	
Test 30109	Get scorable document	2	0	530	230	0.000656	1.00	65000	42.7	0	0.00	7.00	513	
Test 30110	Annotate Finding	2	0	162	0.500	0.000656	1.00	0.00	0.00	0	0.00	8.00	160	
Test 30111	Get scorable document	2	0	309	7.00	0.000656	1.00	45100	29.6	0	0.00	7.00	294	
Test 30112	Annotate Finding	2	0	1990	14.5	0.000656	1.00	0.00	0.00	0	0.00	7.00	1990	
Test 30113	Get scorable document	2	0	342	15.5	0.000656	1.00	57200	37.6	0	0.00	7.50	322	
Test 30114	Annotate Finding	2	0	161	0.500	0.000656	1.00	0.00	0.00	0	0.00	8.00	160	
Test 30115	Get scorable document	2	0	314	8.00	0.000656	1.00	43300	28.4	0	0.500	6.50	301	
Test 30116	Annotate Finding	2	0	2200	225	0.000656	1.00	0.00	0.00	0	0.00	7.00	2200	
Test 30117	Get scorable document	2	0	295	4.00	0.000656	1.00	26700	17.6	0	0.00	7.00	287	
Test 30118	Annotate Finding	2	0	168	8.50	0.000656	1.00	0.00	0.00	0	0.00	6.00	168	
Test 30119	Get scorable document	2	0	304	0.00	0.000656	1.00	37700	24.8	0	0.00	8.00	291	
Test 30120	Annotate Finding	2	0	2440	189	0.000656	1.00	0.00	0.00	0	0.00	7.50	2440	
Test 30121	Get scorable document	1	0	302	0.00	0.000329	1.00	24100	7.93	0	0.00	6.00	294	
Test 30122	Annotate Finding	1	0	161	0.00	0.000329	1.00	0.00	0.00	0	0.00	8.00	161	
Test 30123	Get scorable document	1	0	300	0.00	0.000329	1.00	23100	7.58	0	0.00	7.00	293	
Test 30124	Annotate Finding	1	0	2140	0.00	0.000329	1.00	0.00	0.00	0	0.00	6.00	2140	
Test 30125	Get scorable document	1	0	312	0.00	0.000329	1.00	42300	13.9	0	0.00	7.00	298	
Test 30126	Annotate Finding	1	0	163	0.00	0.000329	1.00	0.00	0.00	0	0.00	8.00	162	
Test 30200	Get coding opportunity	1	0	549	0.00	0.000329	1.00	25500	8.38	0	0.00	8.00	540	
Test 30201	Get scorable document	1	0	308	0.00	0.000329	1.00	23900	7.84	0	0.00	8.00	300	
Test 30202	Annotate Finding	1	0	160	0.00	0.000329	1.00	0.00	0.00	0	0.00	7.00	160	
Test 30300	Get coding opportunity	1	0	970	0.00	0.000329	1.00	3490	1.15	0	0.00	6.00	969	
Test 30301	Get scorable document	1	0	281	0.00	0.000329	1.00	23200	7.64	0	0.00	7.00	274	
Test 30302	Annotate Finding	1	0	166	0.00	0.000329	1.00	0.00	0.00	0	0.00	8.00	166	
Test 30303	Get scorable document	1	0	322	0.00	0.000329	1.00	56300	18.5	0	0.00	6.00	308	
Test 30304	Annotate Finding	1	0	2080	0.00	0.000329	1.00	0.00	0.00	0	0.00	6.00	2080	
Test 30305	Get scorable document	1	0	289	0.00	0.000329	1.00	35100	11.5	0	0.00	8.00	280	
Test 30306	Annotate Finding	1	0	154	0.00	0.000329	1.00	0.00	0.00	0	0.00	6.00	153	
Test 30400	Get coding opportunity	1	0	6280	0.00	0.000329	1.00	7040	2.31	0	0.00	7.00	6280	
Test 30401	Get scorable document	1	0	336	0.00	0.000329	1.00	13400	4.40	0	0.00	8.00	335	
Test 30402	Annotate Finding	1	0	167	0.00	0.000329	1.00	0.00	0.00	0	0.00	7.00	166	
Test 30403	Get scorable document	1	0	308	0.00	0.000329	1.00	44800	14.7	0	0.00	8.00	291	
Test 30404	Annotate Finding	1	0	2090	0.00	0.000329	1.00	0.00	0.00	0	0.00	7.00	2090	
Test 30405	Get scorable document	1	0	285	0.00	0.000329	1.00	32000	10.5	0	0.00	7.00	277	
Test 30406	Annotate Finding	1	0	155	0.00	0.000329	1.00	0.00	0.00	0	0.00	6.00	155	
Test 30407	Get scorable document	1	0	300	0.00	0.000329	1.00	42400	13.9	0	0.00	8.00	283	
Test 30408	Annotate Finding	1	0	1970	0.00	0.000329	1.00	0.00	0.00	0	0.00	8.00	1970	
Test 30500	Get coding opportunity	1	0	1050	0.00	0.000329	1.00	8570	2.82	0	0.00	6.00	1050	
Test 30501	Get scorable document	1	0	295	0.00	0.000329	1.00	27500	9.02	0	0.00	8.00	286	
Test 30502	Annotate Finding	1	0	167	0.00	0.000329	1.00	0.00	0.00	0	0.00	8.00	166	
Test 30503	Get scorable document	1	0	310	0.00	0.000329	1.00	31500	10.3	0	0.00	9.00	302	
Test 30504	Annotate Finding	1	0	2160	0.00	0.000329	1.00	0.00	0.00	0	0.00	8.00	2160	
Test 30505	Get scorable document	1	0	303	0.00	0.000329	1.00	28100	9.23	0	0.00	7.00	295	
Test 30506	Annotate Finding	1	0	162	0.00	0.000329	1.00	0.00	0.00	0	0.00	8.00	161	
Test 30507	Get scorable document	1	0	837	0.00	0.000329	1.00	23600	7.76	0	0.00	7.00	830	
Test 30508	Annotate Finding	1	0	2160	0.00	0.000329	1.00	0.00	0.00	0	0.00	6.00	2160	
Test 30509	Get scorable document	1	0	274	0.00	0.000329	1.00	33100	10.9	0	0.00	7.00	266	
Test 30510	Annotate Finding	1	0	155	0.00	0.000329	1.00	0.00	0.00	0	0.00	6.00	154	
Test 30600	Get coding opportunity	1	0	388	0.00	0.000329	1.00	2230	0.733	0	0.00	7.00	387	
Test 30601	Get scorable document	1	0	255	0.00	0.000329	1.00	3470	1.14	0	0.00	8.00	254	
Test 30602	Annotate Finding	1	0	163	0.00	0.000329	1.00	0.00	0.00	0	0.00	6.00	162	
Test 30700	Get coding opportunity	1	0	542	0.00	0.000329	1.00	2610	0.857	0	0.00	8.00	541	
Test 30701	Get scorable document	1	0	335	0.00	0.000329	1.00	78300	25.7	0	0.00	6.00	314	
Test 30702	Annotate Finding	1	0	161	0.00	0.000329	1.00	0.00	0.00	0	1.00	7.00	160	
Test 30800	Get coding opportunity	1	0	817	0.00	0.000329	1.00	3570	1.17	0	0.00	8.00	817	
Test 30801	Get scorable document	1	0	286	0.00	0.000329	1.00	26200	8.60	0	1.00	8.00	277	
Test 30802	Annotate Finding	1	0	175	0.00	0.000329	1.00	0.00	0.00	0	0.00	7.00	175	
Test 30803	Get scorable document	1	0	272	0.00	0.000329	1.00	23800	7.83	0	0.00	6.00	264	
Test 30804	Annotate Finding	1	0	1940	0.00	0.000329	1.00	0.00	0.00	0	0.00	9.00	1940	
Test 30805	Get scorable document	1	0	279	0.00	0.000329	1.00	10500	3.46	0	0.00	7.00	278	
Test 30806	Annotate Finding	1	0	160	0.00	0.000329	1.00	0.00	0.00	0	0.00	7.00	160	
Test 30900	Get coding opportunity	1	0	550	0.00	0.000329	1.00	13100	4.31	0	0.00	6.00	548	
Test 30901	Get scorable document	1	0	348	0.00	0.000329	1.00	73500	24.1	0	0.00	7.00	324	
Test 30902	Annotate Finding	1	0	163	0.00	0.000329	1.00	0.00	0.00	0	0.00	7.00	163	
Test 30903	Get scorable document	1	0	353	0.00	0.000329	1.00	86100	28.3	0	0.00	8.00	327	
Test 30904	Annotate Finding	1	0	1960	0.00	0.000329	1.00	0.00	0.00	0	0.00	6.00	1960	
